# 000000

# 100000
000000 100000
200000 100000
030000 100000

# 200000
100000 200000

# 300000
100000 300000

# 030000
010000 030000

# 001000
300000 001000
000300 001000
002000 001000

# 002000
001000 002000

# 010000
300000 010000
020000 010000
000030 010000
000300 010000

# 020000
010000 020000

# 000300
000100 000300

# 000010
000020 000010
003000 000010
000003 000010

# 000020
000010 000020

# 000100
000003 000100
003000 000100
000030 000100
000002 000100
000200 000100

# 000200
000100 000200

# 000003
000001 000003

# 003000
001000 003000

# 000030
000010 000030

# 000001
000030 000001
000002 000001

# 000002
000001 000002

